UNITS MM,10000;
EDIT proj;
ADD P2 :W0.000000  0.0000,1.0233 0.0000,-2.5347 2.0466,-2.5347 2.0466,2.5347 1.0233,2.5347 1.0233,1.0233;
ADD P2 :W0.000000  -8.0000,-1.0233 0.0000,-1.0233 0.0000,1.0233 -8.0000,1.0233;
ADD P2 :W0.000000  0.0000,-2.5347 0.0000,-29.6212 2.0466,-29.6212 2.0466,-2.5347;
ADD P2 :W0.000000  2.0466,-34.6906 2.0466,-29.6212 0.0000,-29.6212 0.0000,-33.1792 1.0233,-33.1792 1.0233,-34.6906;
ADD P2 :W0.000000  2.0466,-34.6906 29.2049,-34.6906 29.2049,-29.6212 2.0466,-29.6212;
ADD P2 :W0.000000  31.2515,-33.1792 31.2515,-29.6212 29.2049,-29.6212 29.2049,-34.6906 30.2282,-34.6906 30.2282,-33.1792;
ADD P2 :W0.000000  31.2515,-33.1792 39.2515,-33.1792 39.2515,-31.1326 31.2515,-31.1326;
ADD P2 :W0.000000  29.2049,-2.5347 29.2049,-29.6212 31.2515,-29.6212 31.2515,-2.5347;
ADD P2 :W0.000000  29.2049,2.5347 29.2049,-2.5347 31.2515,-2.5347 31.2515,1.0233 30.2282,1.0233 30.2282,2.5347;
ADD P2 :W0.000000  2.0466,-2.5347 29.2049,-2.5347 29.2049,2.5347 2.0466,2.5347;
ADD P2 :W0.000000  31.2515,-1.0233 39.2515,-1.0233 39.2515,1.0233 31.2515,1.0233;
ADD P2 :W0.000000  -8.0000,-33.1792 0.0000,-33.1792 0.0000,-31.1326 -8.0000,-31.1326;
SAVE;
