UNITS MIL,10000;
EDIT proj;
ADD P1 :W0.000000  0.0000,-57.0717 98.4252,-57.0717 98.4252,57.0717 0.0000,57.0717;
ADD P1 :W0.000000  158.9142,57.0717 98.4252,57.0717 98.4252,-57.0716 158.9142,-57.0716;
ADD P1 :W0.000000  98.4252,528.9630 98.4252,57.0717 158.9142,57.0717 158.9142,528.9630;
ADD P1 :W0.000000  227.0949,597.1437 227.0950,597.1437 227.0950,657.6327 227.0949,657.6327 215.8806,657.1431 204.7516,655.6779 193.7927,653.2484 183.0873,649.8730 172.7167,645.5774 162.7600,640.3942 153.2930,634.3630 144.3876,627.5297 136.1117,619.9462 128.5282,611.6703 121.6949,602.7649 115.6637,593.2979 110.4805,583.3412 106.1849,572.9706 102.8095,562.2652 100.3800,551.3063 98.9148,540.1773 98.4252,528.9630 98.4252,528.9629 158.9142,528.9629 158.9142,528.9630 159.1736,534.9053 159.9500,540.8025 161.2374,546.6095 163.0260,552.2822 165.3022,557.7774 168.0487,563.0533 171.2445,568.0698 174.8655,572.7887 178.8839,577.1740 183.2692,581.1924 187.9881,584.8134 193.0045,588.0092 198.2805,590.7557 203.7757,593.0319 209.4484,594.8205 215.2554,596.1079 221.1526,596.8843;
ADD P1 :W0.000000  227.0949,597.1437 590.0075,597.1437 590.0075,657.6327 227.0949,657.6327;
ADD P1 :W0.000000  658.1882,528.9630 658.1882,528.9629 718.6772,528.9629 718.6772,528.9630 718.1876,540.1773 716.7224,551.3063 714.2929,562.2652 710.9175,572.9706 706.6219,583.3412 701.4387,593.2979 695.4075,602.7649 688.5742,611.6703 680.9907,619.9462 672.7148,627.5297 663.8094,634.3630 654.3424,640.3942 644.3857,645.5774 634.0151,649.8730 623.3097,653.2484 612.3508,655.6779 601.2218,657.1431 590.0075,657.6327 590.0074,657.6327 590.0074,597.1437 590.0075,597.1437 595.9498,596.8843 601.8470,596.1079 607.6540,594.8205 613.3267,593.0319 618.8219,590.7557 624.0978,588.0092 629.1143,584.8134 633.8332,581.1924 638.2185,577.1740 642.2369,572.7887 645.8579,568.0698 649.0537,563.0534 651.8002,557.7774 654.0764,552.2822 655.8650,546.6095 657.1524,540.8025 657.9288,534.9053;
ADD P1 :W0.000000  718.6772,174.6323 718.6772,528.9630 658.1882,528.9630 658.1882,174.6323;
ADD P1 :W0.000000  658.1882,114.1433 718.6772,114.1433 718.6772,174.6323 658.1882,174.6323;
ADD P3 :W0.000000  658.1882,119.1433 658.1882,-11.8347 718.6772,-11.8347 718.6772,119.1433;
ADD P1 :W0.000000  658.1882,-120.9780 718.6772,-120.9780 718.6772,-6.8347 658.1882,-6.8347;
ADD P1 :W0.000000  658.1882,-120.9780 658.1882,-475.3087 718.6772,-475.3087 718.6772,-120.9780;
ADD P1 :W0.000000  590.0075,-543.4894 590.0074,-543.4894 590.0074,-603.9784 590.0075,-603.9784 601.2218,-603.4888 612.3508,-602.0236 623.3097,-599.5941 634.0151,-596.2187 644.3857,-591.9231 654.3424,-586.7399 663.8094,-580.7087 672.7148,-573.8754 680.9907,-566.2919 688.5742,-558.0160 695.4075,-549.1106 701.4387,-539.6436 706.6219,-529.6869 710.9175,-519.3163 714.2929,-508.6109 716.7224,-497.6520 718.1876,-486.5230 718.6772,-475.3087 718.6772,-475.3086 658.1882,-475.3086 658.1882,-475.3087 657.9288,-481.2510 657.1524,-487.1482 655.8650,-492.9552 654.0764,-498.6279 651.8002,-504.1231 649.0537,-509.3990 645.8579,-514.4155 642.2369,-519.1344 638.2185,-523.5197 633.8332,-527.5381 629.1143,-531.1591 624.0979,-534.3549 618.8219,-537.1014 613.3267,-539.3776 607.6540,-541.1662 601.8470,-542.4536 595.9498,-543.2300;
ADD P1 :W0.000000  227.0949,-603.9784 590.0075,-603.9784 590.0075,-543.4894 227.0949,-543.4894;
ADD P1 :W0.000000  158.9142,-475.3087 158.9142,-475.3086 98.4252,-475.3086 98.4252,-475.3087 98.9148,-486.5230 100.3800,-497.6520 102.8095,-508.6109 106.1849,-519.3163 110.4805,-529.6869 115.6637,-539.6436 121.6949,-549.1106 128.5282,-558.0160 136.1117,-566.2919 144.3876,-573.8754 153.2930,-580.7087 162.7600,-586.7399 172.7167,-591.9231 183.0873,-596.2187 193.7927,-599.5941 204.7516,-602.0236 215.8806,-603.4888 227.0949,-603.9784 227.0950,-603.9784 227.0950,-543.4894 227.0949,-543.4894 221.1526,-543.2300 215.2554,-542.4536 209.4484,-541.1662 203.7757,-539.3776 198.2805,-537.1014 193.0046,-534.3549 187.9881,-531.1591 183.2692,-527.5381 178.8839,-523.5197 174.8655,-519.1344 171.2445,-514.4155 168.0487,-509.3991 165.3022,-504.1231 163.0260,-498.6279 161.2374,-492.9552 159.9500,-487.1482 159.1736,-481.2510;
ADD P1 :W0.000000  98.4252,-3.4174 98.4252,-475.3087 158.9142,-475.3087 158.9142,-3.4174;
ADD P1 :W0.000000  718.6772,-120.9780 758.0473,-120.9780 758.0473,-6.8346 718.6772,-6.8346;
ADD P1 :W0.000000  799.4008,-162.3315 799.4008,-162.3316 913.5442,-162.3316 913.5442,-162.3315 912.9525,-148.7791 911.1819,-135.3297 908.2458,-122.0859 904.1666,-109.1484 898.9754,-96.6157 892.7116,-84.5830 885.4229,-73.1421 877.1648,-62.3800 868.0002,-52.3786 857.9988,-43.2140 847.2367,-34.9559 835.7958,-27.6672 823.7631,-21.4034 811.2304,-16.2122 798.2929,-12.1330 785.0491,-9.1969 771.5997,-7.4263 758.0473,-6.8346 758.0472,-6.8346 758.0472,-120.9780 758.0473,-120.9780 761.6515,-121.1354 765.2283,-121.6063 768.7504,-122.3871 772.1910,-123.4719 775.5240,-124.8525 778.7240,-126.5183 781.7667,-128.4567 784.6288,-130.6529 787.2886,-133.0902 789.7259,-135.7500 791.9221,-138.6121 793.8605,-141.6547 795.5263,-144.8548 796.9069,-148.1878 797.9917,-151.6284 798.7725,-155.1505 799.2434,-158.7273;
ADD P1 :W0.000000  799.4008,-162.3315 799.4008,-556.0323 913.5442,-556.0323 913.5442,-162.3315;
ADD P1 :W0.000000  913.5442,-556.0323 913.5442,-556.0322 799.4008,-556.0322 799.4008,-556.0323 799.9925,-569.5847 801.7631,-583.0341 804.6992,-596.2779 808.7784,-609.2154 813.9696,-621.7481 820.2334,-633.7808 827.5221,-645.2217 835.7802,-655.9838 844.9448,-665.9852 854.9462,-675.1498 865.7083,-683.4079 877.1492,-690.6966 889.1819,-696.9604 901.7146,-702.1516 914.6521,-706.2308 927.8959,-709.1669 941.3453,-710.9375 954.8977,-711.5292 954.8978,-711.5292 954.8978,-597.3858 954.8977,-597.3858 951.2935,-597.2284 947.7167,-596.7575 944.1946,-595.9767 940.7540,-594.8919 937.4210,-593.5113 934.2210,-591.8455 931.1783,-589.9071 928.3162,-587.7109 925.6564,-585.2736 923.2191,-582.6138 921.0229,-579.7517 919.0845,-576.7091 917.4187,-573.5090 916.0381,-570.1760 914.9533,-566.7354 914.1725,-563.2133 913.7016,-559.6365;
ADD P1 :W0.000000  954.8977,-711.5292 1151.7481,-711.5292 1151.7481,-597.3858 954.8977,-597.3858;
ADD P1 :W0.000000  718.6772,87.3161 758.0473,87.3161 758.0473,201.4595 718.6772,201.4595;
ADD P1 :W0.000000  758.0473,201.4595 758.0472,201.4595 758.0472,87.3161 758.0473,87.3161 771.5997,87.9078 785.0491,89.6784 798.2929,92.6145 811.2304,96.6937 823.7631,101.8849 835.7958,108.1487 847.2367,115.4374 857.9988,123.6955 868.0002,132.8601 877.1648,142.8615 885.4229,153.6236 892.7116,165.0645 898.9754,177.0972 904.1666,189.6299 908.2458,202.5674 911.1819,215.8112 912.9525,229.2606 913.5442,242.8130 913.5442,242.8131 799.4008,242.8131 799.4008,242.8130 799.2434,239.2088 798.7725,235.6320 797.9917,232.1099 796.9069,228.6693 795.5263,225.3363 793.8605,222.1363 791.9221,219.0936 789.7259,216.2315 787.2886,213.5717 784.6288,211.1344 781.7667,208.9382 778.7241,206.9998 775.5240,205.3340 772.1910,203.9534 768.7504,202.8686 765.2283,202.0878 761.6515,201.6169;
ADD P1 :W0.000000  799.4008,636.5138 799.4008,242.8130 913.5442,242.8130 913.5442,636.5138;
ADD P1 :W0.000000  954.8977,677.8673 954.8978,677.8673 954.8978,792.0107 954.8977,792.0107 941.3453,791.4190 927.8959,789.6484 914.6521,786.7123 901.7146,782.6331 889.1819,777.4419 877.1492,771.1781 865.7083,763.8894 854.9462,755.6313 844.9448,746.4667 835.7802,736.4653 827.5221,725.7032 820.2334,714.2623 813.9696,702.2296 808.7784,689.6969 804.6992,676.7594 801.7631,663.5156 799.9925,650.0662 799.4008,636.5138 799.4008,636.5137 913.5442,636.5137 913.5442,636.5138 913.7016,640.1180 914.1725,643.6948 914.9533,647.2169 916.0381,650.6575 917.4187,653.9905 919.0845,657.1905 921.0229,660.2332 923.2191,663.0953 925.6564,665.7551 928.3162,668.1924 931.1783,670.3886 934.2209,672.3270 937.4210,673.9928 940.7540,675.3734 944.1946,676.4582 947.7167,677.2390 951.2935,677.7099;
ADD P1 :W0.000000  954.8977,677.8673 1151.7481,677.8673 1151.7481,792.0107 954.8977,792.0107;
SAVE;
