UNITS MM,1000;
EDIT proj;
ADD P1 :W0.000000  0.000,-1.460 5.000,-1.460 5.000,1.460 0.000,1.460;
ADD P1 :W0.000000  5.000,-1.460 20.882,-1.460 20.882,-0.060 5.000,-0.060;
ADD P1 :W0.000000  5.000,-3.374 20.882,-3.374 20.882,-1.974 5.000,-1.974;
ADD P1 :W0.000000  20.882,-3.474 36.701,-3.474 36.701,-1.974 20.882,-1.974;
ADD P1 :W0.000000  20.882,-6.788 36.701,-6.788 36.701,-5.288 20.882,-5.288;
ADD P1 :W0.000000  36.701,-6.886 52.548,-6.886 52.548,-5.288 36.701,-5.288;
ADD P1 :W0.000000  36.701,-10.720 52.548,-10.720 52.548,-9.122 36.701,-9.122;
ADD P1 :W0.000000  52.548,-10.720 68.395,-10.720 68.395,-9.122 52.548,-9.122;
ADD P1 :W0.000000  52.548,-14.554 68.395,-14.554 68.395,-12.956 52.548,-12.956;
ADD P1 :W0.000000  68.395,-14.554 84.214,-14.554 84.214,-13.054 68.395,-13.054;
ADD P1 :W0.000000  68.395,-17.868 84.214,-17.868 84.214,-16.368 68.395,-16.368;
ADD P1 :W0.000000  84.214,-17.868 100.096,-17.868 100.096,-16.468 84.214,-16.468;
ADD P1 :W0.000000  84.214,-19.782 100.096,-19.782 100.096,-18.382 84.214,-18.382;
ADD P1 :W0.000000  100.096,-21.302 105.096,-21.302 105.096,-18.382 100.096,-18.382;
SAVE;
