UNITS MM,10000;
EDIT proj;
ADD P2 :W0.000000  0.0000,-1.4600 5.0000,-1.4600 5.0000,1.4600 0.0000,1.4600;
ADD P2 :W0.000000  5.0000,-1.4600 20.6398,-1.4600 20.6398,0.9537 5.0000,0.9537;
ADD P2 :W0.000000  5.0000,-4.1600 20.6398,-4.1600 20.6398,-1.7463 5.0000,-1.7463;
ADD P2 :W0.000000  20.6398,-4.1843 35.9580,-4.1843 35.9580,-1.7463 20.6398,-1.7463;
ADD P2 :W0.000000  20.6398,-8.8213 35.9580,-8.8213 35.9580,-6.3833 20.6398,-6.3833;
ADD P2 :W0.000000  35.9580,-12.5911 50.4466,-12.5911 50.4466,-6.3833 35.9580,-6.3833;
ADD P2 :W0.000000  35.9580,-20.4256 50.4466,-20.4256 50.4466,-14.2178 35.9580,-14.2178;
ADD P2 :W0.000000  50.4466,-20.4256 64.9352,-20.4256 64.9352,-14.2178 50.4466,-14.2178;
ADD P2 :W0.000000  50.4466,-28.2601 64.9352,-28.2601 64.9352,-22.0523 50.4466,-22.0523;
ADD P2 :W0.000000  64.9352,-28.2601 80.2534,-28.2601 80.2534,-25.8221 64.9352,-25.8221;
ADD P2 :W0.000000  64.9352,-32.8971 80.2534,-32.8971 80.2534,-30.4591 64.9352,-30.4591;
ADD P2 :W0.000000  80.2534,-32.8971 95.8932,-32.8971 95.8932,-30.4834 80.2534,-30.4834;
ADD P2 :W0.000000  80.2534,-35.5971 95.8932,-35.5971 95.8932,-33.1834 80.2534,-33.1834;
ADD P2 :W0.000000  95.8932,-36.1034 100.8932,-36.1034 100.8932,-33.1834 95.8932,-33.1834;
SAVE;
